6502
11604
990
30870
1645
10284
5708
3330
3561
28479
825
8801
13933
9767
6127
2139
2011
5000
3266
857
1986
1298
1187
5269
398
712
1653
1035
164
1987
2883
8101
5028
2114
5885
500
3928
13425
2017
2809
5089
2474
10378
5381
7340
2387
3133
16812
3792
3226
6650
3847
4558
4166
29955
7650
4290
1041
4294
6586
2301
1517
5751
1996
5507
7882
85893
2878
2049
1729
10
3853
6708
463
2595
192
6572
473
655
415
2715
8017
2115
1662
25071
4047
2203
45868
2902
4215
285
190693
2449
3423
3476
2851
7684
447
112305
2212
889
469
2954
720
7363
1103
2104
4263
1482612
2570
271
18596
316
6295
1848
829
3047
252464
2213
12428
8368
3042
21
3969
19573
3398
1723
462
1970
2726
12
2770
4319
4264
1437
2558
8445
1493
6123
4242
23325
5253
20340
25703
2045
349259
993
3475
2417
1540
5043
8394
1241
11560
3429
12887
1968
5752
5181
2717
6439
1540
1822
2040
8113
4300
3239
19123
402
1617
120829
3323
30894
93
2144
5934
15433
1267
14972
1296
2901
1635
410
1229
1799
1027
991
12156
5146
2037
44967
9107
3773
4815
6315
139
7581
1383
13978
12516
3845
2050
16216
1891
4698
1544
2795
4875
2845
1252
2971
937
5896
7660
2212
13195
7006
2135
10844
8328
4053
2158
6703
2482
6203
3112
718
647
1509
3552
4969
7771
673
1815
1460
962
1705
3880
23732
1659
4907
49
1859
2789
9209
886
2941
11292
3240
1551
2801
4415
1385
814
81
1280
2798
1211
2972
285510
3728
798
8722
2105
2003
213
3183
567
2007
5982
6862
4851
8396
2701
75
1928
3091
6462
47943
29380
2600
4572
3978
17
2764
6556
13655
2063
738
490
12948
14969
1710
7431
782
1605
8351
4085
4580
1766
2973
89
1180
992
1807
70
1746
3478
2730
482
5575
3442
6267
1611
3254
1396
7823
214
204
1812
8068
1385
11790
1632
1178
1413
1884
4206
108434
19182
23174
104889
27905
2230
3722
3623
52
1733
7488
43443
1583
2469
6199
112341
5531
4158
3178
3037
2140
233
6635
9966
4127
3836
11177
1303
21581
1756
40732
2078
3803
1462
3814
1569
4318
5835
1468
4266
2026
1934
4430
21173
2575
12
7221
4393
1545
32750
17229
64328
3411
1906
3177
27293
3182
766
4227
1042
4174
1497
9331
9486
938
752
12427
10975
413
1300
3901
18500
4716
3959
766
2796
669
3545
4009
1980
1877
2475
2000
1894
998
1699
834
3382
1173
3799
1405
2226
1941
2222
1701
2300
7343
139
40
151789
2730
639
842
7
22
3671
4933
2235
12064
2564
110
6542
306
1349
94198
1630
3007
892
64
142
19463
162
5301
2711
6490
1005
1476
839
4210
2301
177
12
1486
3513
3117
8283
1228
27607
2632
55
1590
3345
19540
4601
21829
1070
3754
34
4669
803
483
2490
1983
10338
2203
3016
8677
68
3084
2966
14638
2433
2733
129
1415
8104
280
26582
1327
8235
4523
7888
2791
1634
4429
19991
499
3343
4363
4587
9090
8094
3868
737
799
537
16262
603
3511
2921
36236
6471
2167
5182
48
1735
1193
3069
3508
22765
14596
93
4248
17560
9228
7927
8506
39
345
3670
4196
2273
5421
105612
2232
6070
1523
2909
5308
22017
2679
10215
1832
5100
7
4857
814
3172
687474
3596
294
268
243
13599
871
2565
3772
1435
2944
2359
7
2923
1823
5383
4761
2194
3926
7698
2348
1590
7746
2442
1662
6143
10462
78279
5907
4728
8330
1465
14
8
2670
25634
1894
1020
100
2703
2046
3239
4827
1890
3690
4109
8835
7371
85113
4450
74
2385
1739
3164
2216
2175
674
83
560
3776
250
1969
3734
275
2137
2444
36792
5501
1047
1385
619
2134
4505
1676
3375
7351
919
3284
3981
1005
10534
5313
588
1327
2052
2675
4972
1944
10426
604
892
8186
7844
925
2401
1595
48572
2659
2917
18311
2765
85
5043
1632
736
161
2588
3915
2267
35122
2291
2963
850
13327
1026
2261
6329
6713
7453
2223
125876
1482
2788
998
68406
1723
5871
1937
2870
2190
5579
994
527
4444
33163
3997
6895
11034
6990
328
59
1744
3271
42328
4341
215
1419
5214
3287
718
3754
6969
1613
3024
2967
5584
900
25
33
5294
9541
15107
670
5233
7146
2135
4932
11785
1619
2757
3159
2802
10475
3237
656
2757
8818
1551
4599
4430
2021
6384
7383
1091
2798
1234
6567
4141
2478
2522
6453
8312
4702
2301
2960
2933
3890
2314
645
1124
3657
854
3940
26
87
919
10
11367
11089
5128
6691
355
838
6116
3923
22381
70601
13691
2238
3673
6074
177
8793
1578
1105
1610
7732
22
11112
3340
16253
3055
40723
3936
319
1949
14510
5211
7062
4829
5187
2246
5019
5944
6542
1114
6099
8684
7342
12227
5986
6090
4066
3959
1512
3981
4671
3797
345
10892
4347
5871
1352
4332
651
4201
136
1896
7434
24489
4910
1773
5367
1246
1738
1178
2490
2694
732
3087
12918
552
2118
2388
3759
5209
9685
8048
724
1940
10929
2228
3424
8974
7355
2801
8597
1793
1137
607
1292
6045
6187
2751
16940
1505
8171
8015
5202
6182
582
4627
8531
12566
10725
2832
1958
6141
9268
276
1500
1518
1831
2170
3531
5373
70374
2347
21139
11216
3738
11176
1379
1646
333
3329
11332
2299
3888
3113
19971
785
11869
9177
4161
1164
431
3572
3540
8491
2927
7574
1427
3040
7725
1711
3372
4459
4942
6310
38537
133
2100
60768
3433
2037
14023
2254
29500
1059
34565
1660
1231
12478
5022
1038
6444
1135
2626
2990
1088
4687
2600
4349
5502
6289
8190
52
281
4003
1090
2318
7096
1940
2589
1209
2926
1954
1702
7371
1437
22
2756
2686
2370
14032
5997
835
970
145
171
2619
5465
1935
1630
10036
3300
4189
3283
2383
7299
1661
811
3093
3549
1462
2980
3187
1261
11428
11430
7642
5108
110
1279
1553
2909
2885
3146
5086
9626
1937
7990
2990
4255
3275
1548
1815
673
4177
1937
940
4896
38
4973
1768
6913
41424
13310
37000
677
2866
10257
2095
13782
2360
39
3317
901
3431
3052
14290
1193
2966
3227
1266
638
2156
427
7823
7192
194
1898
1415
2614
2227
6285
3177
2414
1228
72856
4061
3910
7599
4154
5890
3263
4489
3155
2557
939
1845
3393
359
2042
2161
5732
39105
879
2843
994
2395
14237
24465
7887
2150
150987
1923
11740
4241
1398
4317
5441
4903
910
2763
2223
10603
67
5096
5278
53797
3045
13231
869
4434
2484
3422
6011
1933
1923
26866
4332