1025
2428
99
15839
2577
2460
2476
1411
2414
14996
96
1928
6199
15041
3097
915
2279
8310
2563
3415
401
4182
4126
3670
7708
307
440
987
5451
1207
1672
3276
1382
1499
2343
3816
6792
3589
557
645
2088
1380
4941
2931
3100
381
979
33897
1746
1271
1743
9538
1232
559
7416
7035
1851
2211
394
5115
1100
1817
15585
5616
5569
18370
65715
2900
1290
581
8
3566
1479
3595
5398
580
7963
2286
2779
4103
11190
20621
1172
7924
12993
1023
961
70754
9511
1709
1379
358679
5970
1690
4318
1514
3562
997
69666
391
370
403
596
436
1029
376
687
574
2255941
2236
3231
23441
175
9387
811
1440
1239
86226
164
87385
10346
7616
205
6422
42722
8160
953
224
1508
749
20
3931
1790
288
198
607
5234
4051
2998
9630
18050
6156
14177
15440
14939
659926
116
4216
11312
683
3842
6397
253
9859
4917
37030
2476
1046
762
379
3258
510
477
193
12605
1481
874
8583
3287
562
269318
7209
29813
591
723
2992
17320
166
29291
1012
396
1817
2140
6177
467
1442
318
6763
1226
199
30725
12747
5219
4602
5267
157
1544
477
11107
11031
1793
574
10995
973
7939
260
615
518
447
758
3805
138
2003
2998
3250
28615
20383
445
4016
5510
1595
3301
1251
2204
5177
808
2306
3443
3169
2619
842
4080
4107
137
4350
2920
337
3197
15903
246
12659
95
11152
288
21143
686
1028
7539
5937
189
4379
5247
260
4053
383
1465
814
1131
643
63919
351
381
3758
3983
15602
4342
798
211
993
1238
8541
3163
9398
6283
251
3096
935
1585
49780
34371
314
858
2477
23
925
6694
10080
790
168
1918
3218
11042
1889
22822
7106
313
5120
8782
3277
568
1787
168
170
60
1934
3965
2361
11038
2931
3597
1965
3493
885
6132
1701
4469
4902
4946
92
5403
19585
6617
1709
650
260
93
268
977
35037
25541
14213
25159
36281
1206
1176
1880
158
1719
3956
33395
609
823
25416
37614
1231
12454
3411
575
5496
2913
2055
3576
2294
1891
14665
2472
27923
957
29241
824
4323
479
1366
180
15986
3581
386
2073
209
582
3221
11646
1332
16
3796
6376
929
20969
10409
19704
777
625
325
15554
275
154
13130
8973
1360
9614
4080
3999
6114
2856
6551
4011
7621
83
2131
6951
2983
1055
575
1083
208
1967
1848
839
812
711
464
714
705
291
3194
1511
181
832
6018
549
109
681
646
1311
5414
48
149
124607
2482
3974
3412
7
23
3494
4875
9235
46798
2044
147
6420
150
8405
48723
2028
1744
506
23
7541
46954
167
2377
1247
1682
355
571
73
4456
809
1115
20
4489
3240
521
7844
407
9204
1033
597
7807
3757
10088
786
12324
5276
2692
18
12203
1341
2304
3844
743
5742
3291
1246
4923
280
505
929
9578
832
592
420
3942
7578
2015
21177
203
9677
2291
8762
261
394
1198
3096
5823
1450
660
4096
9414
9142
825
5054
2967
5266
32875
4725
4412
9659
8017
821
139
5249
72
501
124
794
746
29506
34107
3344
4874
30922
4469
2556
34301
23
3801
2817
8177
2782
1609
101345
588
1765
973
1428
12600
8337
481
6373
1167
1125
10
3113
225
336
371257
673
2898
3753
3358
4772
7012
2753
3013
1174
3400
12188
102
3564
5178
19727
525
192
4872
9583
529
922
4045
651
1917
26848
6763
111607
2403
5452
11521
518
49
61
6515
36967
1905
646
1381
3062
128
1092
3814
1098
4278
2620
6359
3175
87684
3083
27
1094
403
6169
1175
1008
1194
204
1775
3371
505
1137
618
2523
3167
245
14609
891
827
230
6889
186
980
16192
1078
4273
2434
706
9047
293
3105
1326
3790
350
11178
788
3592
500
9303
1137
225
4439
5961
109
9238
151
104852
4522
1308
9230
271
80
1967
941
164
54
284
785
2804
177631
13427
964
171
3371
1410
2210
2394
2062
2111
943
114065
791
936
1992
19479
1576
11386
1037
1915
454
2799
1751
203
1763
26136
9957
3683
16153
13047
7805
137
6360
5345
121293
943
367
4633
18590
1228
4006
5488
7239
3943
706
6073
2542
4428
56
139
20688
5132
7030
4758
2803
13229
1617
5008
10236
4159
3155
12569
1087
3951
3023
1748
644
6711
174
2367
835
19580
2092
7500
339
7080
4239
5526
3757
403
1382
36995
6871
6500
410
610
183
1917
1004
234
1395
3649
2414
5563
28
48
344
14
6974
2391
11023
2865
1466
3044
1644
3708
44609
22778
18324
1289
1609
5234
4732
8576
374
380
3229
2009
139
3383
10097
27899
1817
16631
2208
598
901
29267
1130
4479
464
2302
1214
751
3610
2075
14596
14395
6506
4089
8896
12053
6893
1133
2052
188
6318
4402
9762
4037
6623
1505
958
2588
4039
297
3651
71
1987
4368
7717
6001
1257
1169
143
874
274
344
515
3230
2137
10250
911
1302
5179
1545
3803
8894
6947
147
6632
2716
382
599
13061
3959
2764
2862
249
245
6352
384
13682
11922
469
13103
1870
3230
12825
1665
1267
3446
4017
1734
2333
11182
2225
9030
2852
3065
2609
2926
4225
177
573
2188
1837
125373
6991
15974
3044
2244
2612
255
342
4623
941
40015
3170
898
10899
4397
3021
7325
1032
1414
227
196
6386
2746
9191
1198
9599
5853
110
3940
14711
635
1923
2166
8373
87262
1181
5632
139694
1381
1505
3030
1011
35721
1719
123297
624
464
2109
1671
3966
8038
779
1392
1156
3149
693
2265
9374
2999
2436
8560
27
671
3726
1666
563
4157
266
906
347
1159
826
666
4780
4545
26
2479
2992
551
6360
2035
8673
5107
279
277
4177
2413
1000
1149
3623
824
1678
1577
3270
4640
505
5576
908
1453
1044
1399
3226
568
8394
18367
2643
11615
8633
812
472
2325
740
1793
2236
13619
467
1261
10498
7496
376
745
407
14945
1971
506
6760
970
23
3134
4040
8614
53134
41053
54629
265
19930
23563
5728
27091
1128
82
2168
459
883
1126
8009
1120
890
1377
2742
1910
525
3809
11671
2080
301
3831
3112
465
1758
6553
590
533
14280
105737
1517
848
3042
2310
2066
765
2761
843
1075
52
633
1198
2284
4040
216
3496
5625
9051
7832
288
880
12601
15970
1962
484
91761
2295
3661
2311
320
3584
1920
767
5126
1833
506
3726
243
1496
3556
27535
4795
46988
4200
832
1747
2799
15657
892
949
42217
16952